3935619
3709232
4083296
4107934
3113648
3949978
3826886
3689244
4021524
3710462
3802469
4080101
3919177
3819710
4089362
4079130
3887997
3936175
3927260
3785699
3888754
3550556
3686588
3738317
4051888
3859382
4156831
3716048
4160750
3118910
3565127
3768551
3643627
3733616
3799435
3733616
3799435
3883956
3883956
3841246
3841246
4079593
3895297
4079593
3895297
3859539
3859539
3895297
3927210
39272103961832
3111416
3706623
4343024
4248348
3819584
3837426
3111416
3720517
3872442
3706623
3923573
3934142
4248348
4302976
3806409
3819584
3793991
3720517
4343960
3923573
3720093
3968187
4302976
4137304
3561669
4343960
3730118
3757434
3720093
3991042
3968187
3811886
3561669
3730118
3961036
3961036
4163153
3766486
3661930
3766486
4445924
3852423
4445924
4510092
4392961
4388613
3962559
4392961
3544587
3964135
3643634
4388613
3779858
3544587
3694890
3684716
3803270
4163470
3713685
3914918
3698343
3843761
3834593
3751695
3774756
3138896
3982698
4131259
3552797
4173864
4501042
4129601
3937615
3708791
4241537
3699627
3883446
4440262
3715018
3881938
4210389
4508753
3742920
4530411
4398865
3790875
3699485
3915041
3801442
4115068
3936140
3853973
